0 GEOEYE 1
1 33331U 08042A   22053.78136722  .00000139  00000-0  35341-4 0  9998
2 33331  98.1225 130.3683 0007549 275.9907  84.0424 14.64417381719581
0 IKONOS 2
1 25919U 99051A   22053.42137500  .00000666  00000-0  79228-4 0  9994
2 25919  98.2109 214.9643 0007139 340.3878  19.7062 14.87916905203920
0 PLEIADES 1
1 38012U 11076F   22053.74688571  .00000114  00000-0  34375-4 0  9999
2 38012  98.1747 130.3874 0001513  72.7235 287.4126 14.58577939542351
0 PLEIADES 1B
1 39019U 12068A   22053.78117095  .00000112  00000-0  33829-4 0  9992
2 39019  98.1701 130.3502 0001320  77.1775 282.9565 14.58572544491213
0 SPOT 1
1 16613U 86019A   22053.76459558  .00000399  00000-0  73471-4 0  9999
2 16613  98.7522 225.5679 0142718 130.9950 230.3698 14.65419064580091
0 SPOT 2
1 20436U 90005A   22053.68177581  .00000434  00000-0  76797-4 0  9995
2 20436  98.7262  90.7073 0143738 336.7137  22.7595 14.66850244683875
0 SPOT 3
1 22823U 93061A   22053.56470186  .00000015  00000-0  29238-4 0  9999
2 22823  99.0628  76.7027 0017776  66.3441 293.9598 14.19335238471011
0 SPOT 4
1 25260U 98017A   22053.79021407  .00000132  00000-0  42176-4 0  9992
2 25260  98.2723 147.7157 0013869  50.4166 309.8253 14.53740694250492
0 SPOT 5
1 27421U 02021A   22053.74639406  .00000181  00000-0  50439-4 0  9997
2 27421  98.2007 124.1951 0135830 112.1922 249.3746 14.52182923 34059
0 SPOT 6
1 38755U 12047A   22053.76274123  .00000116  00000-0  34753-4 0  9990
2 38755  98.1707 122.7967 0001409  75.3662 284.7691 14.58577353503439
0 SPOT 7
1 40053U 14034A   22053.79763332  .00000108  00000-0  33123-4 0  9991
2 40053  98.1869 123.0555 0001152  85.8015 274.3309 14.58556890407372
0 WORLDVIEW 1
1 32060U 07041A   22053.40982541  .00003770  00000-0  15647-3 0  9991
2 32060  97.3823 174.4458 0003133 168.7458 191.3850 15.24454963802861
0 WORLDVIEW 2
1 35946U 09055A   22053.78681339  .00000025  00000-0  22959-4 0  9991
2 35946  98.4972 130.3268 0001238  48.6383 311.4904 14.37637850649439
0 WORLDVIEW 3
1 40115U 14048A   22053.76689543  .00000376  00000-0  50131-4 0  9998
2 40115  97.8656 130.2386 0003131  95.7548 264.4025 14.85194179408120
0 ENVISAT
1 27386U 02009A   22053.86200734  .00000107  00000-0  48758-4 0  9993
2 27386  98.1728  40.4115 0001217  90.8988 328.3948 14.38080434 47060
0 ISS (ZARYA)
1 25544U 98067A   22053.88147859  .00006978  00000-0  13056-3 0  9990
2 25544  51.6413 182.6542 0005405 155.4563 353.8725 15.49902234327456